uuid: e7693fca-d6e2-4bb6-84c2-52e0557ed50f
timestamps:
  login: 1399710332813
  logout: 1399710986069
ipAddress: 82.172.178.168
lastlocation:
  world: world
  x: -949.5
  y: 62.0
  z: 525.5
  yaw: 0.0
  pitch: 0.0
homes:
  home:
    world: world
    x: -308.59386709167205
    y: 67.0
    z: 459.17248721056677
    yaw: -13.525024
    pitch: 27.899923
logoutlocation:
  world: world
  x: -319.95997097482115
  y: 73.0
  z: 466.8553958582036
  yaw: -252.77527
  pitch: 26.849928
