uuid: 2ce1e908-bfc9-4582-9ac0-4e36fcb88bbb
timestamps:
  login: 1399909550453
  logout: 1399909623847
ipAddress: 95.246.57.252
lastlocation:
  world: world
  x: -954.5
  y: 68.0
  z: 525.5
  yaw: 0.0
  pitch: 0.0
logoutlocation:
  world: world
  x: -804.0818257316903
  y: 64.0
  z: 512.6007932618184
  yaw: 270.5879
  pitch: 15.561816
