uuid: f7ea70bc-a60f-4250-8a1e-1febd175f0b6
timestamps:
  login: 1399758428707
  logout: 1399758836065
  lastteleport: 1399758778317
ipAddress: 80.195.177.71
lastlocation:
  world: world
  x: -788.4631382643993
  y: 71.0
  z: 368.09230367626947
  yaw: 346.2353
  pitch: -17.53087
logoutlocation:
  world: world
  x: -959.9327545977793
  y: 48.0
  z: 528.0093669428123
  yaw: -18.395039
  pitch: 2.3763893
