timestamps:
  login: 1399492689378
  lastteleport: 1399493299529
  logout: 1399493523578
ipAddress: 207.135.137.181
lastlocation:
  world: world
  x: -58.32276271476459
  y: 77.0
  z: 1124.5558636220837
  yaw: 181.72589
  pitch: 11.550035
logoutlocation:
  world: world
  x: -963.5585412448289
  y: 48.0
  z: 524.877811348625
  yaw: -303.4707
  pitch: 29.849972
