timestamps:
  login: 1398997504875
  logout: 1399002978125
ipAddress: 70.26.234.218
lastlocation:
  world: world
  x: -1535.5
  y: 64.0
  z: 159.5
  yaw: 0.0
  pitch: 0.0
logoutlocation:
  world: world
  x: -1539.2191320197828
  y: 67.5
  z: 167.0534786833625
  yaw: 172.17188
  pitch: 52.79983
money: '1000'
