uuid: 665de4e8-e827-4e0e-bab4-eb3233b61d16
timestamps:
  login: 1399691765624
  logout: 1399691934260
ipAddress: 24.236.91.50
lastlocation:
  world: world
  x: -956.5
  y: 68.0
  z: 526.5
  yaw: 0.0
  pitch: 0.0
logoutlocation:
  world: world
  x: -816.8298196999165
  y: 63.15658248110962
  z: 515.998616055712
  yaw: 181.02759
  pitch: 18.1499
