timestamps:
  login: 1399584787821
  lastteleport: 1399591217259
  logout: 1399591272109
ipAddress: 67.82.163.15
lastlocation:
  world: world
  x: -410.69999998807907
  y: 76.0
  z: -558.5915253746645
  yaw: -150.44942
  pitch: 28.799986
logoutlocation:
  world: world
  x: -389.17500001192093
  y: 64.0
  z: -562.7624999880791
  yaw: -122.99881
  pitch: 37.350014
homes:
  home:
    world: world
    x: -389.69999998807907
    y: 64.0
    z: -563.6999999880791
    yaw: -2.6990051
    pitch: 17.250095
