timestamps:
  login: 1399566661926
  logout: 1399567693974
  kits:
    dl2: 1398870513110
    dl3: 1398870654410
    dl1: 1398870516410
  lastteleport: 1399566666727
ipAddress: 105.41.228.66
lastlocation:
  world: world
  x: -541.3284929454269
  y: 90.644071398818
  z: 770.2007808863747
  yaw: -129.69025
  pitch: -12.600003
logoutlocation:
  world: world
  x: 231.42078802151863
  y: 80.6271002315714
  z: 1220.6919928948428
  yaw: -39.473022
  pitch: 11.100024
money: '1000'
godmode: false
socialspy: true
