timestamps:
  login: 1399078197598
  logout: 1399082770598
ipAddress: 121.219.19.160
lastlocation:
  world: world
  x: -1530.5
  y: 63.0
  z: 154.5
  yaw: 0.0
  pitch: 0.0
logoutlocation:
  world: world
  x: -1589.3621101614604
  y: 63.870307769327084
  z: 86.46833074427833
  yaw: -357.31494
  pitch: 56.250004
