timestamps:
  login: 1399492654228
  logout: 1399492896078
ipAddress: 82.29.15.48
lastlocation:
  world: world
  x: -952.5
  y: 68.0
  z: 525.5
  yaw: 0.0
  pitch: 0.0
logoutlocation:
  world: world
  x: -817.4285345701068
  y: 63.0
  z: 517.9327167885313
  yaw: -179.72186
  pitch: 5.4000335
