uuid: 226946e6-c31b-4a73-8e9b-df1bfdfdbd36
timestamps:
  login: 1400176881246
  lastteleport: 1400094123297
  logout: 1400177141993
ipAddress: 92.29.115.210
lastlocation:
  world: world
  x: -1031.699999988079
  y: 65.20000004768372
  z: 534.6999999880791
  yaw: 224.82501
  pitch: 53.699947
logoutlocation:
  world: world
  x: -1032.5931474024492
  y: 73.91546396755854
  z: 546.6999999880791
  yaw: 47.2273
  pitch: 50.249977
homes:
  home:
    world: world
    x: -963.0451548896679
    y: 176.03802503593866
    z: 542.6483901952619
    yaw: 161.3772
    pitch: 57.900017
