timestamps:
  login: 1399095450048
  logout: 1399095463098
ipAddress: 121.219.19.160
lastlocation:
  world: world
  x: -1534.5
  y: 56.0
  z: 149.5
  yaw: 0.0
  pitch: 0.0
logoutlocation:
  world: world
  x: -1532.1859966389572
  y: 64.0
  z: 164.6092812740477
  yaw: 3.875026
  pitch: 3.7498975
