timestamps:
  login: 1399499248447
  logout: 1399500447209
  lastteleport: 1399500347959
ipAddress: 71.35.202.237
lastlocation:
  world: world
  x: -952.779911028033
  y: 63.0
  z: 525.5860969551567
  yaw: -346.52228
  pitch: 20.849928
logoutlocation:
  world: world
  x: -956.9239511853468
  y: 60.5
  z: 530.4966122099896
  yaw: -160.99724
  pitch: 59.924038
