uuid: ebc33464-7e21-4324-82f4-8ed7ae01873d
timestamps:
  login: 1400090270034
  lastteleport: 1400093739694
  logout: 1400093989494
ipAddress: 80.45.110.134
lastlocation:
  world: world
  x: -963.5
  y: 1074.0
  z: 542.5
  yaw: 237.72714
  pitch: 84.44998
logoutlocation:
  world: world
  x: -1011.9644383680766
  y: 78.18092014428933
  z: 539.8229755458019
  yaw: 167.37677
  pitch: 8.099832
