timestamps:
  login: 1399388029726
  lastteleport: 1399389415928
  logout: 1399391748676
ipAddress: 79.178.185.217
lastlocation:
  world: world
  x: -74.95111023981808
  y: 75.0
  z: 1135.335744625346
  yaw: -10.724101
  pitch: 28.950052
godmode: false
logoutlocation:
  world: world
  x: -1544.8525287668608
  y: 89.15476089289992
  z: 248.6757839456803
  yaw: -300.59988
  pitch: 52.349976
