timestamps:
  login: 1399312513008
  logout: 1399312517734
ipAddress: 197.150.105.234
lastlocation:
  world: world
  x: -953.5
  y: 61.0
  z: 535.5
  yaw: 0.0
  pitch: 0.0
logoutlocation:
  world: world
  x: -953.5
  y: 48.0
  z: 527.5
  yaw: -91.53589
  pitch: 0.14996096
