uuid: f90281a0-c0c7-4e9c-974f-1b380bec3c5c
timestamps:
  login: 1400010443454
  logout: 1400010434885
ipAddress: 81.135.111.253
lastlocation:
  world: world
  x: -998.5
  y: 83.0
  z: 560.5
  yaw: 249.63007
  pitch: -4.7999263
logoutlocation:
  world: world
  x: -1007.1156789801169
  y: 70.23986652801644
  z: 568.9636983957988
  yaw: 250.62804
  pitch: -52.650105
