timestamps:
  login: 1399839171151
  lastteleport: 1399751604118
  logout: 1399839226178
  lastheal: 1399751106120
ipAddress: 90.215.98.135
lastlocation:
  world: world
  x: -953.9289263290602
  y: 63.0
  z: 527.4582584372334
  yaw: -190.1611
  pitch: 76.57019
logoutlocation:
  world: world
  x: -957.4679253181193
  y: 51.99375578344774
  z: 516.1192207821309
  yaw: -116.023834
  pitch: -4.5707426
homes:
  home:
    world: world
    x: -1280.4987791099197
    y: 62.0
    z: 510.39927233617345
    yaw: 59.4363
    pitch: -36.280834
uuid: 0c31ab3a-8f3d-4db2-9803-feb0c8c6e564
