timestamps:
  login: 1399574050343
  logout: 1399574223974
  lastteleport: 1399389428877
ipAddress: 188.230.188.16
lastlocation:
  world: world
  x: -73.02252335448414
  y: 75.0
  z: 1142.6950613102308
  yaw: -95.1741
  pitch: 27.900074
logoutlocation:
  world: world
  x: -1442.0751928673799
  y: 65.49064318920136
  z: 283.8529560309634
  yaw: -90.59741
  pitch: 63.899994
money: '1000'
