jails: 
  test: 
    world: world
    x: -1559.1558922924842
    y: 64.0
    z: 179.96640645294917
    yaw: 257.61676
    pitch: 36.749996
