spawns: 
  default: 
    world: world
    x: -952.779911028033
    y: 63.0
    z: 525.5860969551567
    yaw: -346.52228
    pitch: 20.849928
  user: 
    world: world
    x: -952.779911028033
    y: 63.0
    z: 525.5860969551567
    yaw: -346.52228
    pitch: 20.849928
  all: 
    world: world
    x: -952.779911028033
    y: 63.0
    z: 525.5860969551567
    yaw: -345.62228
    pitch: 29.24993
  users: 
    world: world
    x: -952.779911028033
    y: 63.0
    z: 525.5860969551567
    yaw: -346.52228
    pitch: 20.849928
