world: world
x: 138.50196679217754
y: 63.0
z: 1272.2896358938178
yaw: -96.45654
pitch: 10.531523
name: Elysea
